G = [ 1 0 0 0 0 0 0 1 1 ;
      0 1 0 0 0 0 1 0 1 ;
      0 0 1 0 0 0 1 1 0 ;
      0 0 0 1 0 0 1 1 1 ;
      0 0 0 0 1 1 0 0 1 ];

H = [ 0 0 0 0 1 1 0 0 0 ;
      0 1 1 1 0 0 1 0 0 ;
      1 0 1 1 0 0 0 1 0 ;
      1 1 0 1 1 0 0 0 1 ];

input_alphabet = [ 0, 0, 0, 0, 0 ;
                   0, 0, 0, 0, 1 ;
                   0, 0, 0, 1, 0 ;
                   0, 0, 0, 1, 1 ;
                   0, 0, 1, 0, 0 ;
                   0, 0, 1, 0, 1 ;
                   0, 0, 1, 1, 0 ;
                   0, 0, 1, 1, 1 ;
                   0, 1, 0, 0, 0 ;
                   0, 1, 0, 0, 1 ;
                   0, 1, 0, 1, 0 ;
                   0, 1, 0, 1, 1 ;
                   0, 1, 1, 0, 0 ;
                   0, 1, 1, 0, 1 ;
                   0, 1, 1, 1, 0 ;
                   0, 1, 1, 1, 1 ;
                   1, 0, 0, 0, 0 ;
                   1, 0, 0, 0, 1 ;
                   1, 0, 0, 1, 0 ;
                   1, 0, 0, 1, 1 ;
                   1, 0, 1, 0, 0 ;
                   1, 0, 1, 0, 1 ;
                   1, 0, 1, 1, 0 ;
                   1, 0, 1, 1, 1 ;
                   1, 1, 0, 0, 0 ;
                   1, 1, 0, 0, 1 ;
                   1, 1, 0, 1, 0 ;
                   1, 1, 0, 1, 1 ;
                   1, 1, 1, 0, 0 ;
                   1, 1, 1, 0, 1 ;
                   1, 1, 1, 1, 0 ;
                   1, 1, 1, 1, 1 ];
